coefficients (time+price+edge; intercept, log mins, log price, log(1+edge)[, live]):
   ('2026-10-01', 0.0, 28, [-0.461, 0.074, 0.075, -0.004, 0.0])
   ('2026-10-02', 0.0, 150, [0.125, -0.038, 0.046, -0.053])
   ('2026-10-03', 0.0, 271, [0.104, -0.048, 0.086, -0.036])
   ('2026-10-04', 0.0, 399, [0.051, -0.04, 0.094, -0.09])
   ('2026-10-05', 0.0, 480, [-0.017, -0.029, 0.097, -0.149])
   ('2026-10-06', 0.0, 619, [-0.028, -0.024, 0.098, -0.12])
   ('2026-10-06', 1.0, 0, [-0.028, -0.024, 0.098, -0.12, 0.0])
   ('2026-10-07', 1.0, 27, [-0.043, -0.02, 0.092, 0.055, -0.043])
   ('2026-10-08', 1.0, 204, [-0.281, 0.032, 0.1, 0.005])
   ('2026-10-09', 1.0, 385, [-0.268, 0.024, 0.12, 0.061])

squared error of log(BSP/expected) walk-forward, 1 Oct - 8 Oct (uncorrected vs corrected):
           spec    n  mse_uncorrected  mse_corrected  mean_error
          level 1196           0.1824         0.1663      0.0211
     time+price 1196           0.1824         0.1614      0.0262
time+price+edge 1196           0.1824         0.1615      0.0257

== corrected rule (level): back only where the corrected expected CLV >= 3%
            horses    staked   locked  first_stake  first_locked  c_horses  c_staked  c_locked  c_first_stake  c_first_locked    clv  c_clv  first_clv  c_first_clv
day                                                                                                                                                                
2026-10-01   122.0   2691.57  248.286      1260.72       174.340      18.0    203.69    18.604         129.19          14.215  0.092  0.091      0.138        0.110
2026-10-02   121.0   3482.90   -2.609      1560.01        94.402       3.0     68.19    -3.169          42.93           0.977 -0.001 -0.046      0.061        0.023
2026-10-03   128.0   3999.99  236.246      1801.96        93.557       2.0     11.96     2.084          11.96           2.084  0.059  0.174      0.052        0.174
2026-10-04    81.0   2839.55  -27.810      1064.02       106.215       1.0      3.90     0.856           3.90           2.671 -0.010  0.220      0.100        0.685
2026-10-05   139.0   3882.49   79.612      1641.01        28.917       3.0     21.49     9.019          21.49           9.019  0.021  0.420      0.018        0.420
2026-10-06   123.0   3863.16  124.822      1590.02       157.323       6.0     67.34    -5.427          67.34          -5.439  0.032 -0.081      0.099       -0.081
2026-10-07   177.0   7402.21 -203.914      1099.36       -13.305      36.0   1010.09   233.022         142.57          17.302 -0.028  0.231     -0.012        0.121
2026-10-08   181.0   8088.77 -459.284      1122.12       -60.506      15.0    224.23    -6.243          51.46          -2.665 -0.057 -0.028     -0.054       -0.052
2026-10-09   124.0   4878.39  -28.805       867.77        60.227      10.0    206.84    68.476          52.41          27.131 -0.006  0.331      0.069        0.518
all         1196.0  41129.03  -33.456     12006.99       641.169      94.0   1817.73   317.223         523.25          65.294 -0.001  0.175      0.053        0.125

== corrected rule (time+price): back only where the corrected expected CLV >= 3%
            horses    staked   locked  first_stake  first_locked  c_horses  c_staked  c_locked  c_first_stake  c_first_locked    clv  c_clv  first_clv  c_first_clv
day                                                                                                                                                                
2026-10-01   122.0   2691.57  248.286      1260.72       174.340      21.0    577.72    42.856         228.35           1.492  0.092  0.074      0.138        0.007
2026-10-02   121.0   3482.90   -2.609      1560.01        94.402      40.0   1983.32    44.390         670.57          99.183 -0.001  0.022      0.061        0.148
2026-10-03   128.0   3999.99  236.246      1801.96        93.557      36.0   2495.93   187.732         743.25          54.051  0.059  0.075      0.052        0.073
2026-10-04    81.0   2839.55  -27.810      1064.02       106.215      20.0   1792.96    -3.057         364.20          52.795 -0.010 -0.002      0.100        0.145
2026-10-05   139.0   3882.49   79.612      1641.01        28.917      36.0   2257.56    84.926         522.22          10.001  0.021  0.038      0.018        0.019
2026-10-06   123.0   3863.16  124.822      1590.02       157.323      30.0   2236.96   -31.629         610.51          16.373  0.032 -0.014      0.099        0.027
2026-10-07   177.0   7402.21 -203.914      1099.36       -13.305      96.0   6248.77   -65.575         732.62          16.667 -0.028 -0.010     -0.012        0.023
2026-10-08   181.0   8088.77 -459.284      1122.12       -60.506      19.0   1928.91   -83.158         241.67           0.460 -0.057 -0.043     -0.054        0.002
2026-10-09   124.0   4878.39  -28.805       867.77        60.227      20.0   2127.28   -94.644         337.98          16.509 -0.006 -0.044      0.069        0.049
all         1196.0  41129.03  -33.456     12006.99       641.169     318.0  21649.41    81.841        4451.37         267.531 -0.001  0.004      0.053        0.060

== corrected rule (time+price+edge): back only where the corrected expected CLV >= 3%
            horses    staked   locked  first_stake  first_locked  c_horses  c_staked  c_locked  c_first_stake  c_first_locked    clv  c_clv  first_clv  c_first_clv
day                                                                                                                                                                
2026-10-01   122.0   2691.57  248.286      1260.72       174.340      21.0    577.72    42.856         228.35           1.492  0.092  0.074      0.138        0.007
2026-10-02   121.0   3482.90   -2.609      1560.01        94.402      41.0   2004.93    45.687         692.18         100.480 -0.001  0.023      0.061        0.145
2026-10-03   128.0   3999.99  236.246      1801.96        93.557      36.0   2431.23   194.618         738.58          56.218  0.059  0.080      0.052        0.076
2026-10-04    81.0   2839.55  -27.810      1064.02       106.215      20.0   1792.96    -3.057         364.20          52.795 -0.010 -0.002      0.100        0.145
2026-10-05   139.0   3882.49   79.612      1641.01        28.917      34.0   2215.03    81.111         499.21           7.743  0.021  0.037      0.018        0.016
2026-10-06   123.0   3863.16  124.822      1590.02       157.323      30.0   2214.97   -24.847         605.81          19.501  0.032 -0.011      0.099        0.032
2026-10-07   177.0   7402.21 -203.914      1099.36       -13.305      97.0   6304.50   -81.110         735.84          15.158 -0.028 -0.013     -0.012        0.021
2026-10-08   181.0   8088.77 -459.284      1122.12       -60.506      19.0   1928.91   -83.158         241.67           0.460 -0.057 -0.043     -0.054        0.002
2026-10-09   124.0   4878.39  -28.805       867.77        60.227      20.0   2127.28   -94.644         337.98          16.509 -0.006 -0.044      0.069        0.049
all         1196.0  41129.03  -33.456     12006.99       641.169     318.0  21597.53    77.454        4443.82         270.356 -0.001  0.004      0.053        0.061
