
215760 runners, 23191 races; commission 5%; returns per unit stake at BSP

=== Overlay tiers: edge = p_model / p_market - 1 (win_rate vs model_p vs market_p) ===
           tier     n  win_rate  model_p  market_p  avg_bsp  roi_back  roi_lay  share_pct
[-100.0, -50.0) 12539    0.1557   0.0592    0.1536  21.1770   -0.0214  -0.0641     5.8115
 [-50.0, -25.0) 32175    0.1722   0.1093    0.1710  27.0890   -0.0454  -0.0371    14.9124
 [-25.0, -10.0) 26378    0.1638   0.1338    0.1623  31.7195   -0.0267  -0.0578    12.2256
   [-10.0, 0.0) 17243    0.1475   0.1353    0.1427  34.0889   -0.0331  -0.0527     7.9918
    [0.0, 10.0) 15830    0.1227   0.1305    0.1246  42.7733   -0.0767  -0.0093     7.3369
   [10.0, 25.0) 20863    0.1055   0.1229    0.1050  48.4819   -0.0404  -0.0493     9.6695
   [25.0, 50.0) 25906    0.0808   0.1152    0.0847  58.9514   -0.0930   0.0035    12.0069
  [50.0, 100.0) 29596    0.0588   0.0990    0.0582  82.0926   -0.0450  -0.0492    13.7171
   [100.0, inf) 35230    0.0253   0.0717    0.0266 173.5402   -0.1570   0.0653    16.3283

=== Back everything with edge >= threshold (90% cluster-bootstrap CI by race); lay the mirror-image underlays ===
 min_edge_pct  n_bets  bets_per_race  win_rate  model_p  market_p  avg_bsp  roi_back  roi_ci_lo  roi_ci_hi  roi_lay_underlays
            0  127425         5.4946    0.0696   0.1026    0.0708  92.2833   -0.0889    -0.1224    -0.0535                NaN
            5  119315         5.1449    0.0656   0.1005    0.0667  95.8688   -0.0918    -0.1258    -0.0591            -0.0526
           10  111595         4.8120    0.0621   0.0986    0.0631  99.3064   -0.0906    -0.1237    -0.0514            -0.0495
           15  104207         4.4934    0.0586   0.0967    0.0597 102.9728   -0.0929    -0.1298    -0.0477            -0.0576
           20   97281         4.1948    0.0552   0.0949    0.0566 106.8929   -0.1011    -0.1455    -0.0556            -0.0517
           30   84675         3.6512    0.0489   0.0910    0.0506 114.9744   -0.1075    -0.1570    -0.0506            -0.0526
           50   64826         2.7953    0.0406   0.0842    0.0410 131.7902   -0.1059    -0.1698    -0.0402            -0.0641
          100   35230         1.5191    0.0253   0.0717    0.0266 173.5402   -0.1570    -0.2475    -0.0546                NaN

=== Same, using the log-linear blend p = softmax(0.5 ln p_model + 0.50 ln p_market) ===
 min_edge_pct  n_bets  bets_per_race  win_rate  model_p  market_p  avg_bsp  roi_back  roi_ci_lo  roi_ci_hi  roi_lay_underlays
            0  134693         5.8080    0.0721   0.1032    0.0733  89.8821   -0.0878    -0.1208    -0.0533                NaN
            5  118740         5.1201    0.0645   0.0994    0.0656  96.8175   -0.0861    -0.1219    -0.0401            -0.0499
           10  103687         4.4710    0.0576   0.0957    0.0588 104.4118   -0.0877    -0.1330    -0.0465            -0.0415
           15   89768         3.8708    0.0512   0.0921    0.0526 112.5425   -0.1027    -0.1436    -0.0522            -0.0587
           20   77359         3.3357    0.0458   0.0884    0.0470 121.5483   -0.1074    -0.1603    -0.0501            -0.0721
           30   57442         2.4769    0.0368   0.0816    0.0378 141.0191   -0.1084    -0.1755    -0.0446            -0.0925
           50   31613         1.3632    0.0250   0.0711    0.0255 182.3181   -0.1404    -0.2258    -0.0469            -0.1570
          100    8183         0.3529    0.0119   0.0558    0.0117 283.9259   -0.3189    -0.4551    -0.1944                NaN

=== Overlays (edge >= 10%) by BSP band, with the all-runners ROI in the band as reference ===
        band     n  win_rate  model_p  market_p  roi_back  all_n  all_roi  all_win_rate
  [1.0, 2.0)   124    0.4597   0.6536    0.5584   -0.1976   3447  -0.0346        0.6072
  [2.0, 3.0)   849    0.3804   0.4866    0.3868   -0.0429   8023  -0.0429        0.3942
  [3.0, 5.0)  4544    0.2452   0.3314    0.2488   -0.0469  22005  -0.0239        0.2572
  [5.0, 8.0) 10448    0.1551   0.2206    0.1568   -0.0547  31995  -0.0451        0.1584
 [8.0, 12.0) 13066    0.0985   0.1548    0.1025   -0.0878  29369  -0.0273        0.1053
[12.0, 20.0) 19623    0.0655   0.1076    0.0656   -0.0438  35209  -0.0458        0.0660
[20.0, 40.0) 22669    0.0374   0.0690    0.0369   -0.0400  34423  -0.0206        0.0383
 [40.0, inf) 40272    0.0097   0.0249    0.0104   -0.1579  51289  -0.1712        0.0098

=== Model rank within race (1 = model's top pick) ===
rank     n  win_rate  place_rate  model_p  market_p  avg_bsp  roi_back  roi_lay
   1 23191    0.3002      0.5757   0.3066    0.3039   4.4293   -0.0403  -0.0294
   2 23191    0.1993      0.4633   0.1999    0.1973   6.8707   -0.0369  -0.0434
   3 23147    0.1416      0.3809   0.1445    0.1444  10.6172   -0.0756  -0.0086
   4 22866    0.1103      0.3166   0.1075    0.1082  18.2161   -0.0382  -0.0511
   5 21992    0.0809      0.2606   0.0814    0.0820  32.1152   -0.0766  -0.0136
   6 20345    0.0667      0.2198   0.0629    0.0638  47.2426   -0.0524  -0.0406
   7 18150    0.0508      0.1894   0.0490    0.0499  69.9414   -0.0988   0.0066
  8+ 62878    0.0283      0.1098   0.0268    0.0277 166.3478   -0.0855  -0.0097

=== Market rank within race (1 = favourite) ===
rank     n  win_rate  place_rate  model_p  market_p  avg_bsp  roi_back  roi_lay
   1 23191    0.3475      0.6201   0.2697    0.3489   3.3427   -0.0328  -0.0324
   2 23191    0.2072      0.4997   0.1943    0.2065   5.3501   -0.0400  -0.0393
   3 23147    0.1379      0.3937   0.1472    0.1402   8.4579   -0.0640  -0.0211
   4 22866    0.1037      0.3147   0.1136    0.0998  15.0927   -0.0183  -0.0727
   5 21992    0.0721      0.2520   0.0887    0.0727  27.9295   -0.0600  -0.0320
   6 20345    0.0550      0.2023   0.0703    0.0541  43.4946   -0.0881  -0.0042
   7 18150    0.0419      0.1666   0.0563    0.0410  66.4793   -0.1045   0.0117
  8+ 62878    0.0212      0.0913   0.0322    0.0213 172.9162   -0.0912  -0.0045

=== Disagreement: the model's #1 by market rank, and the favourite by model rank ===
     pick other_rank     n  share_pct  win_rate  model_p  market_p  avg_bsp  roi_back
 model #1  market #1 13394    57.7552    0.3874   0.3387    0.3895   2.9934   -0.0277
 model #1  market #2  5423    23.3841    0.2228   0.2870    0.2279   4.7389   -0.0606
 model #1  market #3  2367    10.2065    0.1504   0.2534    0.1623   6.4938   -0.0803
 model #1 market #4+  2007     8.6542    0.1036   0.2087    0.1050  10.7403   -0.0221
market #1   model #1 13394    57.7552    0.3874   0.3387    0.3895   2.9934   -0.0277
market #1   model #2  4947    21.3316    0.3240   0.2179    0.3226   3.4738   -0.0261
market #1   model #3  2396    10.3316    0.2859   0.1607    0.2833   3.8799   -0.0361
market #1  model #4+  2454    10.5817    0.2368   0.1042    0.2450   4.4607   -0.0713

=== Top pick by field size: model #1 vs favourite ===
    field  races  model1_win  model1_roi  market1_win  market1_roi  agree_pct
   (0, 5]   2846      0.4245     -0.0788       0.4768      -0.0414    68.0604
   (5, 8]   7743      0.3265     -0.0424       0.3803      -0.0212    59.9122
  (8, 11]   7153      0.2739     -0.0448       0.3178      -0.0419    55.9625
 (11, 15]   4266      0.2356     -0.0324       0.2743      -0.0564    52.8364
(15, 100]   1183      0.2206      0.0653       0.2646       0.0512    47.4218

=== Within-race concordance by field size ===
    field  races  model_concordance  market_concordance
   (0, 5]   2846             0.6624              0.6909
   (5, 8]   7743             0.6613              0.6897
  (8, 11]   7153             0.6590              0.6836
 (11, 15]   4266             0.6599              0.6840
(15, 100]   1183             0.6438              0.6659

