1,204,087 runners in 127,166 races; kept 1,201,061 runners in 126,841 races (every runner with a BSP, one winner; dead heats and races missing a BSP left out) (12s)

==== 10 years (Apr 2016-Mar 2026)
races                   1.268410e+05
runners                 1.201061e+06
book                    1.002000e+00
r2_bins                 9.999000e-01
r2_efron                1.389000e-01
r2_mcfadden             1.874000e-01
brier                   8.134000e-02
brier_skill_vs_equal    1.211000e-01
log_loss_race           1.765500e+00
beta                    9.980000e-01
auc                     7.530000e-01
fav_win                 3.445000e-01
fav_chance              3.445000e-01

-- calibration by the BSP's chance
           runners  chance     won    lo95    hi95  a_over_e
p
0.0%-1%     150275  0.0044  0.0040  0.0037  0.0044    0.9151
1.0%-2%      94101  0.0149  0.0144  0.0136  0.0151    0.9673
2.0%-3%      86196  0.0249  0.0248  0.0238  0.0258    0.9959
3.0%-5%     152228  0.0395  0.0404  0.0394  0.0414    1.0223
5.0%-8%     150955  0.0620  0.0628  0.0615  0.0640    1.0131
7.5%-10%    117174  0.0868  0.0880  0.0864  0.0896    1.0138
10.0%-15%   163996  0.1228  0.1226  0.1210  0.1242    0.9989
15.0%-20%   102917  0.1731  0.1715  0.1692  0.1738    0.9910
20.0%-25%    63208  0.2229  0.2248  0.2216  0.2281    1.0085
25.0%-30%    41103  0.2728  0.2717  0.2674  0.2760    0.9962
30.0%-40%    41939  0.3437  0.3429  0.3383  0.3474    0.9976
40.0%-50%    19182  0.4440  0.4380  0.4310  0.4450    0.9864
50.0%-60%     9861  0.5436  0.5393  0.5295  0.5491    0.9921
60.0%-70%     4627  0.6444  0.6445  0.6307  0.6583    1.0002
70.0%-80%     2231  0.7440  0.7476  0.7296  0.7657    1.0049
80%+          1068  0.8553  0.8567  0.8357  0.8778    1.0017

-- the 20 equal-count bins (R-squared 0.9999): chance, win rate, runners
BIN|10|0.00163|0.00108|60054
BIN|10|0.00509|0.00478|60053
BIN|10|0.01000|0.00946|60053
BIN|10|0.01622|0.01594|60053
BIN|10|0.02287|0.02245|60053
BIN|10|0.02998|0.03034|60053
BIN|10|0.03720|0.03762|60053
BIN|10|0.04526|0.04674|60053
BIN|10|0.05417|0.05585|60053
BIN|10|0.06373|0.06454|60053
BIN|10|0.07445|0.07475|60053
BIN|10|0.08622|0.08641|60053
BIN|10|0.09987|0.10059|60053
BIN|10|0.11550|0.11620|60053
BIN|10|0.13378|0.13365|60053
BIN|10|0.15660|0.15561|60053
BIN|10|0.18488|0.18372|60053
BIN|10|0.22401|0.22553|60053
BIN|10|0.28670|0.28480|60053
BIN|10|0.46400|0.46209|60053

-- backing every runner at the BSP
        runners  chance     won     roi  roi_after_2pc  a_over_e
band
1-2       17886  0.6127  0.6109 -0.0065        -0.0142    0.9972
2-3       43720  0.3984  0.3970 -0.0039        -0.0159    0.9965
3-5      120923  0.2533  0.2528 -0.0031        -0.0180    0.9982
5-8      173149  0.1587  0.1581 -0.0054        -0.0222    0.9962
8-13     199098  0.0995  0.1001  0.0045        -0.0136    1.0054
13-21    176864  0.0620  0.0631  0.0184        -0.0007    1.0177
21-51    230509  0.0330  0.0333  0.0016        -0.0178    1.0070
51-101    91062  0.0144  0.0140 -0.0390        -0.0579    0.9681
101+     147850  0.0043  0.0039 -0.1849        -0.2011    0.9086
(14s)

==== 5 years (Apr 2021-Mar 2026)
races                    65039.00000
runners                 608540.00000
book                         1.00170
r2_bins                      0.99990
r2_efron                     0.13940
r2_mcfadden                  0.18710
brier                        0.08215
brier_skill_vs_equal         0.12130
log_loss_race                1.75570
beta                         1.00000
auc                          0.75210
fav_win                      0.34550
fav_chance                   0.34620

-- calibration by the BSP's chance
           runners  chance     won    lo95    hi95  a_over_e
p
0.0%-1%      74336  0.0043  0.0039  0.0034  0.0043    0.8893
1.0%-2%      47828  0.0149  0.0145  0.0134  0.0156    0.9748
2.0%-3%      43022  0.0249  0.0242  0.0227  0.0256    0.9734
3.0%-5%      76284  0.0395  0.0400  0.0386  0.0414    1.0122
5.0%-8%      76367  0.0620  0.0622  0.0605  0.0639    1.0027
7.5%-10%     60512  0.0868  0.0890  0.0868  0.0913    1.0259
10.0%-15%    82140  0.1229  0.1237  0.1214  0.1259    1.0065
15.0%-20%    52817  0.1730  0.1716  0.1683  0.1748    0.9915
20.0%-25%    33086  0.2230  0.2244  0.2199  0.2288    1.0062
25.0%-30%    21247  0.2731  0.2727  0.2667  0.2787    0.9987
30.0%-40%    21715  0.3434  0.3402  0.3339  0.3465    0.9907
40.0%-50%    10114  0.4443  0.4371  0.4274  0.4468    0.9839
50.0%-60%     5010  0.5431  0.5431  0.5293  0.5569    1.0001
60.0%-70%     2356  0.6450  0.6426  0.6233  0.6620    0.9963
70.0%-80%     1158  0.7448  0.7522  0.7273  0.7770    1.0099
80%+           548  0.8545  0.8704  0.8423  0.8986    1.0186

-- the 20 equal-count bins (R-squared 0.9999): chance, win rate, runners
BIN|5|0.00158|0.00112|30427
BIN|5|0.00516|0.00437|30427
BIN|5|0.01033|0.00993|30427
BIN|5|0.01660|0.01653|30427
BIN|5|0.02325|0.02195|30427
BIN|5|0.03053|0.03158|30427
BIN|5|0.03791|0.03826|30427
BIN|5|0.04606|0.04664|30427
BIN|5|0.05525|0.05650|30427
BIN|5|0.06491|0.06484|30427
BIN|5|0.07563|0.07526|30427
BIN|5|0.08727|0.08788|30427
BIN|5|0.10094|0.10307|30427
BIN|5|0.11702|0.11809|30427
BIN|5|0.13588|0.13758|30427
BIN|5|0.15905|0.15907|30427
BIN|5|0.18750|0.18631|30427
BIN|5|0.22684|0.22766|30427
BIN|5|0.28952|0.28629|30427
BIN|5|0.46629|0.46462|30427

-- backing every runner at the BSP
        runners  chance     won     roi  roi_after_2pc  a_over_e
band
1-2        9067  0.6137  0.6159  0.0010        -0.0067    1.0035
2-3       22630  0.3997  0.3959 -0.0095        -0.0214    0.9906
3-5       63113  0.2535  0.2528 -0.0037        -0.0186    0.9973
5-8       88307  0.1589  0.1590  0.0002        -0.0166    1.0007
8-13     101158  0.0993  0.1008  0.0143        -0.0040    1.0145
13-21     89379  0.0621  0.0623  0.0041        -0.0148    1.0024
21-51    115507  0.0331  0.0330 -0.0099        -0.0290    0.9975
51-101    46254  0.0144  0.0141 -0.0217        -0.0410    0.9790
101+      73125  0.0043  0.0037 -0.1842        -0.2004    0.8784
(14s)

==== by season (April to March)
         races  runners    book  r2_bins  r2_efron  r2_mcfadden    brier  brier_skill_vs_equal  log_loss_race   beta     auc  fav_win  fav_chance
season
2016-17  12738   120214  1.0026   0.9995    0.1359       0.1823  0.08186                0.1185         1.7748  1.007  0.7516   0.3422      0.3388
2017-18  12756   118803  1.0021   0.9987    0.1393       0.1860  0.08249                0.1211         1.7545  1.008  0.7505   0.3402      0.3428
2018-19  13048   124723  1.0026   0.9993    0.1406       0.1889  0.08050                0.1224         1.7681  0.991  0.7561   0.3502      0.3444
2019-20  12420   119721  1.0023   0.9991    0.1392       0.1881  0.08004                0.1209         1.7757  0.983  0.7535   0.3470      0.3475
2020-21  10840   109060  1.0025   0.9989    0.1357       0.1939  0.07736                0.1217         1.8108  0.990  0.7589   0.3370      0.3392
2021-22  13442   127221  1.0022   0.9995    0.1397       0.1864  0.08129                0.1202         1.7620  1.005  0.7521   0.3435      0.3432
2022-23  12970   120606  1.0012   0.9989    0.1411       0.1873  0.08243                0.1206         1.7435  0.999  0.7517   0.3487      0.3498
2023-24  12826   119822  1.0018   0.9982    0.1371       0.1852  0.08248                0.1202         1.7627  1.000  0.7503   0.3423      0.3433
2024-25  12877   122310  1.0020   0.9988    0.1373       0.1888  0.08126                0.1217         1.7711  0.999  0.7557   0.3453      0.3439
2025-26  12924   118581  1.0011   0.9986    0.1417       0.1878  0.08335                0.1237         1.7394  0.995  0.7507   0.3479      0.3510
done (15s)
